  6.7200000e+008  3.5850000e+001  6.0000000e+001 -3.3844000e+001  5.7700000e-002  1.9717659e+003  4.9000000e-003  2.3960000e+001  1.2210000e+001  6.1100000e-002
  1.5000000e+009  5.0150000e+001  2.0000000e+001 -4.6478300e+001  1.7000000e-001  1.6775114e+003  7.6000000e-003  1.3500000e+000  1.6540000e+001  1.7050000e-001
  9.3100000e+008  3.6610000e+001  4.0000000e+001 -4.0466300e+001  1.3390000e-001  2.4048591e+003  6.2000000e-003  1.4740000e+001  1.5960000e+001  1.3690000e-001
  1.1700000e+009  9.8180000e+001  2.0000000e+001 -4.1061400e+001  2.5430000e-001  2.2575159e+003  4.7000000e-003  2.6800000e+001  1.6290000e+001  1.5650000e-001
  9.8500000e+008  8.3990000e+001  2.0000000e+001 -4.1222700e+001  1.5070000e-001  2.5220234e+003  6.0000000e-003  2.5180000e+001  1.6600000e+001  1.1260000e-001
  2.6300000e+009  3.8090000e+001  4.0000000e+001 -2.8518700e+001  8.0200000e-002  1.7325012e+003  4.3000000e-003  4.1530000e+001  2.0520000e+001  3.7500000e-002
  1.9800000e+009  1.7878000e+002  2.0000000e+001 -2.9449500e+001  2.0150000e-001  1.3751331e+003  7.8000000e-003  3.3200000e+001  2.0600000e+001  7.4000000e-002
  8.5600000e+008  1.2190000e+002  2.0000000e+001 -3.7628200e+001  2.9740000e-001  1.0073691e+003  6.5000000e-003  2.7340000e+001  6.7100000e+000  1.7910000e-001
  4.3700000e+008  1.1655000e+002  9.0000000e+001 -3.1519900e+001  1.2720000e-001  5.7769080e+002  7.4000000e-003  1.9770000e+001  1.2700000e+001  8.1000000e-002
  7.5900000e+008  1.1167000e+002  6.0000000e+001 -2.5166800e+001  2.6190000e-001  4.1583860e+002  5.8000000e-003  3.0220000e+001  1.2000000e+001  1.9260000e-001
  8.7100000e+008  1.5807000e+002  2.0000000e+001 -3.7129700e+001  2.5030000e-001  1.1778446e+003  5.7000000e-003  2.3100000e+001  1.2560000e+001  2.5870000e-001
  9.1600000e+008  8.6890000e+001  3.0000000e+001 -2.9827900e+001  1.9130000e-001  5.3660380e+002  6.1000000e-003  3.0760000e+001  1.6440000e+001  1.4290000e-001
  6.5100000e+008  5.1210000e+001  5.0000000e+001 -3.2951400e+001  2.7410000e-001  1.2243964e+003  6.6000000e-003  7.8100000e+000  1.2380000e+001  2.2260000e-001
  7.5000000e+008  5.3500000e+001  2.0000000e+001 -4.7955300e+001  6.2730000e-001  2.1659993e+003  7.6000000e-003  1.4660000e+001  1.1580000e+001  4.2000000e-001
  1.5800000e+009  1.1432000e+002  1.0000000e+001 -3.8253800e+001  3.0990000e-001  1.4194758e+003  7.0000000e-003  1.9710000e+001  1.5910000e+001  3.0430000e-001
  1.1800000e+009  1.2385000e+002  2.0000000e+001 -2.4027500e+001  3.6420000e-001  1.1476433e+003  5.6000000e-003  2.7590000e+001  1.1370000e+001  4.1760000e-001
  7.5300000e+008  4.7330000e+001  2.5000000e+001 -3.1646700e+001  1.7020000e-001  1.9218604e+003  5.8000000e-003  2.6700000e+001  1.6210000e+001  2.4770000e-001
  7.1300000e+008  8.0610000e+001  9.0000000e+001 -3.0517600e+001  2.0580000e-001  7.8181700e+002  7.0000000e-003  1.4600000e+000  9.4100000e+000  2.3400000e-001
  3.2700000e+008  5.6410000e+001  4.5000000e+001 -3.5878500e+001  1.4190000e-001  2.1086421e+003  4.8000000e-003  2.3190000e+001  1.5610000e+001  1.1720000e-001
  1.3600000e+009  1.3628000e+002  1.0000000e+001 -3.7597700e+001  3.2710000e-001  1.9557528e+003  5.6000000e-003  3.0260000e+001  2.0420000e+001  3.1880000e-001
  8.8900000e+008  6.6500000e+001  2.0000000e+001 -3.4373000e+001  1.5740000e-001  2.1637107e+003  1.1300000e-002  1.3520000e+001  1.7100000e+001  1.7430000e-001
  5.3700000e+008  5.2450000e+001  3.5000000e+001 -3.5451300e+001  5.2600000e-001  1.5884495e+003  4.2000000e-003  3.0700000e+001  1.4350000e+001  4.2190000e-001
  2.6300000e+009  1.8429000e+002  6.0000000e+000 -3.4301800e+001  3.1315727e-001  2.3613843e+003  5.1000000e-003  3.4970000e+001  1.2280000e+001  2.9784392e-001
  1.1800000e+009  9.4580000e+001  2.0000000e+001 -3.9520300e+001  2.5210000e-001  1.6479021e+003  5.5000000e-003  1.7520000e+001  1.7120000e+001  2.1060000e-001
  2.6400000e+008  5.1560000e+001  6.0000000e+001 -3.7994400e+001  8.1600000e-002  1.4872650e+003  7.1000000e-003  8.7800000e+000  2.0080000e+001  8.1200000e-002
  1.8600000e+009  5.7080000e+001  4.0000000e+001 -2.9861400e+001  2.2050000e-001  2.3431089e+003  5.8000000e-003  2.7800000e+001  2.1710000e+001  1.9400000e-001
  1.1900000e+009  1.7177000e+002  2.0000000e+001 -3.9703400e+001  1.3190000e-001  1.3052308e+003  7.6000000e-003  1.5300000e+001  1.3350000e+001  1.3090000e-001
  1.2500000e+009  1.1193000e+002  2.0000000e+001 -3.4715100e+001  1.3280000e-001  1.6581857e+003  7.4000000e-003  2.2050000e+001  1.4250000e+001  1.1740000e-001
  1.2000000e+009  9.8260000e+001  2.0000000e+001 -3.6390000e+001  2.1290000e-001  1.1436030e+003  6.8000000e-003  1.5720000e+001  1.4890000e+001  1.6200000e-001
