 -7.3318641e-001 -1.2652350e+000  1.2471777e+000  2.5838847e-001 -1.3653908e+000  6.4478664e-001 -1.0150659e+000  2.1022324e-001 -8.0563235e-001 -1.2689617e+000
  6.7152691e-001 -9.4314188e-001 -5.8644225e-001 -1.9969673e+000 -4.6742905e-001  1.4909775e-001  8.9092111e-001 -2.1201449e+000  4.1232159e-001 -2.3769407e-001
 -2.9378937e-001 -1.2481168e+000  3.3036774e-001 -9.2376190e-001 -7.5608817e-001  1.3743574e+000 -9.7368427e-002 -7.4006398e-001  2.4917764e-001 -5.5442709e-001
  1.1167740e-001  1.3868569e-001 -5.8644225e-001 -1.0299935e+000  2.0664197e-001  1.1261492e+000 -1.1562501e+000  5.0293644e-001  3.4200092e-001 -3.6966616e-001
 -2.0217763e-001 -1.8092983e-001 -5.8644225e-001 -1.0587873e+000 -6.2175373e-001  1.5717275e+000 -2.3855265e-001  3.3596623e-001  4.2919855e-001 -7.8349293e-001
  2.5885874e+000 -1.2147813e+000  3.3036774e-001  1.2090107e+000 -1.1854786e+000  2.4173128e-001 -1.4386185e+000  2.0211285e+000  1.5318266e+000 -1.4914289e+000
  1.4858535e+000  1.9541198e+000 -5.8644225e-001  1.0428531e+000 -2.1555198e-001 -3.6027617e-001  1.0321053e+000  1.1625718e+000  1.5543292e+000 -1.1473588e+000
 -4.2102789e-001  6.7295489e-001 -5.8644225e-001 -4.1713113e-001  5.5127377e-001 -9.7979611e-001  1.1440790e-001  5.5859317e-001 -2.3526870e+000 -1.5662549e-001
 -1.1318671e+000  5.5245151e-001  2.6223927e+000  6.7326483e-001 -8.0966202e-001 -1.7036143e+000  7.4973689e-001 -2.2163180e-001 -6.6780384e-001 -1.0813728e+000
 -5.8558972e-001  4.4253440e-001  1.2471777e+000  1.8073602e+000  2.6741231e-001 -1.9762638e+000 -3.7973687e-001  8.5542909e-001 -8.6470171e-001 -2.9366691e-002
 -3.9558019e-001  1.4876479e+000 -5.8644225e-001 -3.2814362e-001  1.7465758e-001 -6.9262017e-001 -4.5032898e-001  1.2158473e-001 -7.0718341e-001  5.9373012e-001
 -3.1923707e-001 -1.1561024e-001 -1.2803726e-001  9.7530467e-001 -2.9711217e-001 -1.7728278e+000 -1.6796054e-001  9.1108583e-001  3.8419332e-001 -4.9786762e-001
 -7.6881320e-001 -9.1926644e-001  7.8877273e-001  4.1772698e-001  3.6496470e-001 -6.1420094e-001  1.8500001e-001 -1.4543254e+000 -7.5781429e-001  2.5343065e-001
 -6.0085834e-001 -8.6768649e-001 -5.8644225e-001 -2.2606274e+000  3.1891863e+000  9.7198410e-001  8.9092111e-001 -7.4830942e-001 -9.8284042e-001  2.1142372e+000
  8.0724801e-001  5.0222299e-001 -1.0448472e+000 -5.2880732e-001  6.5122499e-001 -2.8557830e-001  4.6736845e-001 -2.2781588e-001  2.3511351e-001  1.0235821e+000
  1.2864254e-001  7.1687668e-001 -5.8644225e-001  2.0107372e+000  1.0854131e+000 -7.4349602e-001 -5.2092109e-001  5.8436018e-001 -1.0419098e+000  2.0916134e+000
 -5.9576880e-001 -1.0066596e+000 -3.5723975e-001  6.5062969e-001 -4.6582983e-001  5.6071791e-001 -3.7973687e-001  4.9262963e-001  3.1949831e-001  4.9003776e-001
 -6.6362935e-001 -2.5706094e-001  2.6223927e+000  8.5218595e-001 -1.8116876e-001 -1.3597518e+000  4.6736845e-001 -2.1088074e+000 -1.5932238e+000  3.6089364e-001
 -1.3184836e+000 -8.0214166e-001  5.5957023e-001 -1.0479123e-001 -6.9211939e-001  8.7536260e-001 -1.0856580e+000  1.3086085e-001  1.5072871e-001 -7.4013067e-001
  4.3401500e-001  9.9684996e-001 -1.0448472e+000 -4.1168656e-001  7.8875787e-001  6.1781164e-001 -5.2092109e-001  8.5955181e-001  1.5036983e+000  1.1602675e+000
 -3.6504294e-001 -5.7487453e-001 -5.8644225e-001  1.6395639e-001 -5.6817988e-001  9.6812887e-001  3.5028292e+000 -8.6580698e-001  5.6983988e-001 -2.0187307e-001
 -9.6221576e-001 -8.9133669e-001  1.0116524e-001 -2.8531525e-002  2.3791817e+000 -9.3222696e-004 -1.5092106e+000  9.0490175e-001 -2.0368745e-001  2.1321477e+000
  2.5885874e+000  2.0782271e+000 -1.2282092e+000  1.7666635e-001  6.7727046e-001  1.3011216e+000 -8.7388164e-001  1.3450022e+000 -7.8594256e-001  9.6272336e-001
  1.2864254e-001  5.7599297e-002 -5.8644225e-001 -7.5489093e-001  1.8905055e-001  9.9219151e-002 -5.9151320e-001 -4.5353486e-001  5.7546553e-001  1.4031171e-001
 -1.4253640e+000 -9.1138305e-001  1.2471777e+000 -4.8250169e-001 -1.1742841e+000 -1.7138343e-001  5.3796056e-001 -1.3543494e+000  1.4080622e+000 -1.0794875e+000
  1.2822718e+000 -7.8705058e-001  3.3036774e-001  9.6932456e-001 -6.3626126e-002  1.2703356e+000 -3.7973687e-001  6.0600446e-001  1.8665530e+000 -1.6169482e-002
  1.4560767e-001  1.7962266e+000 -5.8644225e-001 -7.8757621e-001 -7.7208036e-001 -4.7803067e-001  8.9092111e-001 -6.8234589e-001 -4.8497011e-001 -6.1098656e-001
  2.4739849e-001  4.4839064e-001 -5.8644225e-001  1.0288794e-001 -7.6488387e-001  1.1654248e-001  7.4973689e-001  1.3363303e-002 -2.3181571e-001 -7.3824536e-001
  1.6257281e-001  1.4048760e-001 -5.8644225e-001 -1.9609937e-001 -1.2439647e-001 -7.5030215e-001  3.2618423e-001 -6.3905731e-001 -5.1794808e-002 -3.1781998e-001
