 -1.3638837e+000 -1.2705615e+000 -9.0559694e-001 -3.9892931e-001  2.5916111e-001  1.2471777e+000  7.9531275e-001 -1.2108825e+000  2.9208822e-001 -1.0150659e+000 -6.0790342e-001
 -4.6768822e-001 -2.3396529e-001 -7.2402320e-001 -1.8028272e-001 -1.9973258e+000 -5.8644225e-001 -5.0482400e-001 -8.8871080e-001 -1.9563386e+000  8.9092111e-001 -1.2507979e-001
 -7.5575105e-001 -5.5436776e-001 -7.5937384e-001 -6.5735049e-001 -9.2442338e-001  3.3036774e-001  3.5006044e-001 -1.1937601e+000 -7.9873270e-001 -9.7368427e-002 -1.3185202e+000
  2.0445839e-001 -3.6589572e-001 -3.0624292e-001  5.0929497e-001 -1.0297499e+000 -5.8644225e-001  2.9478774e-002  1.9338074e-001  5.4809721e-001 -1.1562501e+000 -1.0767638e+000
 -6.1972138e-001 -7.8053421e-001 -9.4139084e-002 -1.8937406e-001 -1.0583130e+000 -5.8644225e-001 -1.8424234e-001 -1.2631277e-001  3.7000400e-001 -2.3855265e-001 -1.5107570e+000
 -1.1878453e+000 -1.4873044e+000  6.1930109e-001 -1.5503468e+000  1.2088850e+000  3.3036774e-001  1.4186660e+000 -1.1604165e+000  2.1843286e+000 -1.4386185e+000 -2.1530772e-001
 -2.1163237e-001 -1.1480547e+000  1.1656291e+000  1.6086959e-001  1.0428619e+000 -5.8644225e-001  3.5006044e-001  2.0092579e+000  1.2604701e+000  1.0321053e+000  3.7106719e-001
  5.4853344e-001 -1.5857647e-001  1.0510997e-001  3.7883433e-001 -4.1742791e-001 -5.8644225e-001  5.2816136e-001  7.2778030e-001  6.0375134e-001  1.1440790e-001  9.7449008e-001
 -8.1176326e-001 -1.0820895e+000 -9.0559694e-001  3.5819386e+000  6.7332642e-001  2.6223927e+000  3.5006044e-001  6.0724752e-001 -2.3106059e-001  7.4973689e-001  1.6795117e+000
  2.6847235e-001 -2.6646047e-002 -5.4084261e-001  1.5236606e+000  1.8069254e+000  1.2471777e+000  8.8436321e-001  4.9730359e-001  9.2654528e-001 -3.7973687e-001  1.9450762e+000
  1.7245141e-001  5.9531168e-001  7.2973028e-002  6.8839426e-001 -3.2816814e-001 -5.8644225e-001 -3.6234326e-001  1.0206637e+000  2.1417244e-001 -4.5032898e-001  6.9478185e-001
 -2.9965156e-001 -4.9782615e-001 -3.4962779e-001  2.8155705e-001  9.7502443e-001 -1.2803726e-001 -1.4309488e+000 -6.0977237e-002  7.3732124e-001 -1.6796054e-001  1.7469324e+000
  3.6449329e-001  2.5606201e-001 -9.0077639e-001  3.4360541e-001  4.1804349e-001  7.8877273e-001  3.5006044e-001 -8.6482954e-001 -1.3775356e+000  1.8500001e-001  6.1838591e-001
  3.1891094e+000  2.1125116e+000 -4.0586745e-001 -5.8984733e-001 -2.2615347e+000 -5.8644225e-001 -6.1414112e-003 -8.1323700e-001 -7.9873270e-001  8.9092111e-001 -1.5107570e+000
  6.5255612e-001  1.0193738e+000  1.1495607e+000 -6.7098749e-001 -5.2811002e-001 -1.0448472e+000 -1.5199993e+000  5.5700675e-001 -2.4219141e-001  4.6736845e-001  2.9829744e-001
  1.0846504e+000  2.0936644e+000  6.8357498e-001 -5.2348059e-001  2.0104377e+000 -5.8644225e-001  5.2816136e-001  3.3328889e-001 -5.2046205e-001 -5.2092109e-001  7.4433419e-001
 -4.6768822e-001  4.9165206e-001 -4.6371395e-001 -7.0303444e-001  6.5011888e-001 -3.5723975e-001  1.7748678e+000 -9.5224397e-001  5.3696638e-001 -3.7973687e-001 -5.2601078e-001
 -1.7962539e-001  3.5972163e-001 -1.0662817e+000  8.1544565e-001  8.5184595e-001  2.6223927e+000  5.8159164e-001  5.7886036e-001 -2.2680017e+000  4.6736845e-001  1.3445739e+000
 -6.9173708e-001 -7.4283980e-001 -8.8792162e-001  5.5293338e-001 -1.0501873e-001  5.5957023e-001  1.7748678e+000 -7.4767618e-001  1.4738748e-001 -1.0856580e+000 -8.3248057e-001
  7.8858579e-001  1.1607278e+000  1.2941769e+000 -4.7143270e-001 -4.1207232e-001 -1.0448472e+000  3.5006044e-001  1.0517544e+000  7.4845207e-001 -5.2092109e-001 -5.8161771e-001
 -5.7171090e-001 -2.0569448e-001  8.9041500e-002 -7.6621921e-001  1.6454576e-001 -5.8644225e-001 -1.3418983e+000 -5.2035359e-001 -7.5229029e-002  3.5028292e+000 -9.2283976e-001
  2.3809331e+000  2.1313588e+000 -7.5937384e-001 -6.8655248e-003 -2.8255333e-002  1.0116524e-001 -1.5199993e+000 -8.3689297e-001  1.0823768e+000 -1.5092106e+000  2.1050412e-002
  6.7656136e-001  9.6283216e-001  3.8008586e+000 -9.3054508e-001  1.7704213e-001 -1.2282092e+000 -1.3418983e+000  2.1333954e+000  1.0935077e+000 -8.7388164e-001 -1.2471779e+000
  1.8845490e-001  1.4297879e-001 -9.8959626e-002  6.7456132e-002 -7.5482982e-001 -5.8644225e-001 -5.4044419e-001  1.1227456e-001 -4.8706958e-001 -5.9151320e-001 -7.6495517e-002
 -1.1718418e+000 -1.0820895e+000 -7.8508339e-001  2.2226745e-002 -4.8169494e-001  1.2471777e+000 -1.2528479e+000 -8.5694422e-001 -1.4554514e+000  5.3796056e-001  1.8706718e-001
 -5.9599206e-002 -1.7222445e-002  7.7998581e-001 -1.3037443e+000  9.6966884e-001  3.3036774e-001 -1.3081206e-001 -7.3258142e-001  6.5940546e-001 -3.7973687e-001 -1.2172004e+000
 -7.7175454e-001 -6.1090937e-001  3.4613706e-001  9.7727140e-001 -7.8696334e-001 -5.8644225e-001 -1.6090497e+000  1.8513261e+000 -5.2046205e-001  8.9092111e-001  4.8575954e-001
 -7.6375279e-001 -7.4283980e-001 -2.3437806e-002  3.4133257e-001  1.0206392e-001 -5.8644225e-001  5.2816136e-001  5.0316126e-001  1.3817577e-002  7.4973689e-001 -9.3379412e-002
 -1.2361317e-001 -3.1877771e-001 -1.2948972e-001 -1.3023806e+000 -1.9606369e-001 -5.8644225e-001  1.1515146e+000 -1.2108825e+000 -6.8742444e-001  3.2618423e-001  7.5096305e-001
