  5.8000000e-002  6.1000000e-002  4.6100000e+008  9.6000000e-001 -3.3840000e+001  6.0000000e+001 -4.5500000e+001  2.4500000e+001  4.9000000e-003 -1.9717700e+003
  1.7000000e-001  1.7100000e-001  5.7400000e+008  9.7000000e-001 -4.6480000e+001  2.0000000e+001 -5.2800000e+001  4.3000000e+000  7.6000000e-003 -1.6775100e+003
  1.3400000e-001  1.3700000e-001  5.5200000e+008  9.1000000e-001 -4.0470000e+001  4.0000000e+001 -4.8000000e+001  1.4700000e+001  6.2000000e-003 -2.4048600e+003
  2.5400000e-001  1.5700000e-001  8.3400000e+008  9.8000000e-001 -4.1060000e+001  2.0000000e+001 -4.9800000e+001  2.6800000e+001  4.7000000e-003 -2.2575200e+003
  1.5100000e-001  1.1300000e-001  9.6600000e+008  9.8000000e-001 -4.1220000e+001  2.0000000e+001 -5.1000000e+001  2.5200000e+001  6.0000000e-003 -2.5220200e+003
  8.0000000e-002  3.8000000e-002  1.4100000e+009  1.0000000e+000 -2.8520000e+001  4.0000000e+001 -4.2000000e+001  4.1500000e+001  4.3000000e-003 -1.7325000e+003
  2.0200000e-001  7.4000000e-002  1.7500000e+009  8.4000000e-001 -2.9450000e+001  2.0000000e+001 -4.8000000e+001  3.3200000e+001  7.8000000e-003 -1.3751300e+003
  2.9700000e-001  1.7900000e-001  1.0900000e+009  8.8000000e-001 -3.7630000e+001  2.0000000e+001 -4.7000000e+001  2.7300000e+001  6.5000000e-003 -1.0073700e+003
  1.2700000e-001  8.1000000e-002  4.6100000e+008  9.8000000e-001 -3.1520000e+001  9.0000000e+001 -4.8000000e+001  1.9800000e+001  7.4000000e-003 -5.7769000e+002
  2.6200000e-001  1.9300000e-001  6.8800000e+008  9.9000000e-001 -2.5170000e+001  6.0000000e+001 -4.5000000e+001  3.0200000e+001  5.8000000e-003 -4.1584000e+002
  2.5000000e-001  2.5900000e-001  1.0700000e+009  1.0000000e+000 -3.7130000e+001  2.0000000e+001 -5.2000000e+001  2.3800000e+001  5.7000000e-003 -1.1778400e+003
  1.9100000e-001  1.4300000e-001  8.0700000e+008  9.8000000e-001 -2.9830000e+001  3.0000000e+001 -5.8000000e+001  2.8500000e+001  6.1000000e-003 -5.3660000e+002
  2.7400000e-001  2.2300000e-001  4.6400000e+008  9.8000000e-001 -3.2950000e+001  5.0000000e+001 -4.8000000e+001  9.5000000e+000  6.6000000e-003 -1.2244000e+003
  6.2700000e-001  4.2000000e-001  7.7200000e+008  9.5000000e-001 -4.7960000e+001  2.0000000e+001 -5.0000000e+001  1.4700000e+001  7.6000000e-003 -2.5220200e+003
  3.1000000e-001  3.0400000e-001  1.7400000e+009  1.0000000e+000 -3.8250000e+001  1.0000000e+001 -5.8500000e+001  1.9700000e+001  7.0000000e-003 -1.4194800e+003
  3.6400000e-001  4.1800000e-001  1.4500000e+009  1.0000000e+000 -2.4030000e+001  2.0000000e+001 -4.7000000e+001  1.7200000e+001  5.6000000e-003 -1.1476400e+003
  1.7000000e-001  2.4800000e-001  7.3600000e+008  1.0000000e+000 -3.1650000e+001  2.5000000e+001 -4.0000000e+001  2.6700000e+001  5.8000000e-003 -1.9218600e+003
  2.0600000e-001  2.3400000e-001  3.6100000e+008  1.0000000e+000 -3.0520000e+001  9.0000000e+001 -4.6700000e+001  1.5000000e+000  7.0000000e-003 -7.8182000e+002
  1.4200000e-001  1.1700000e-001  4.7200000e+008  9.8000000e-001 -3.5880000e+001  4.5000000e+001 -4.0000000e+001  2.3200000e+001  4.8000000e-003 -2.1086400e+003
  3.2700000e-001  3.1900000e-001  1.8300000e+009  1.0000000e+000 -3.7600000e+001  1.0000000e+001 -4.8000000e+001  2.8600000e+001  5.6000000e-003 -1.9557500e+003
  1.5700000e-001  1.7400000e-001  1.0800000e+009  1.0000000e+000 -3.4370000e+001  2.0000000e+001 -5.7500000e+001  2.1200000e+001  1.1300000e-002 -2.1637100e+003
  5.2600000e-001  4.2200000e-001  5.5200000e+008  1.0000000e+000 -3.5450000e+001  3.5000000e+001 -5.8500000e+001  3.1600000e+001  4.2000000e-003 -1.5884500e+003
  3.1300000e-001  2.9800000e-001  3.3900000e+009  1.0000000e+000 -3.4300000e+001  6.0000000e+000 -5.7500000e+001  3.1700000e+001  5.1000000e-003 -2.3613800e+003
  2.5200000e-001  2.1100000e-001  9.6300000e+008  9.3000000e-001 -3.9520000e+001  2.0000000e+001 -5.3000000e+001  1.7500000e+001  5.5000000e-003 -1.6479000e+003
  8.2000000e-002  8.1000000e-002  5.3600000e+008  1.0000000e+000 -3.7990000e+001  6.0000000e+001 -5.7000000e+001  8.8000000e+000  7.1000000e-003 -1.4872700e+003
  2.2100000e-001  1.9400000e-001  1.5100000e+009  8.6000000e-001 -2.9860000e+001  4.0000000e+001 -5.0700000e+001  2.7800000e+001  5.8000000e-003 -2.3431100e+003
  1.3200000e-001  1.3100000e-001  1.2400000e+009  9.3000000e-001 -3.9700000e+001  2.0000000e+001 -5.9000000e+001  1.7200000e+001  7.6000000e-003 -1.3052300e+003
  1.3300000e-001  1.1700000e-001  1.0100000e+009  9.8000000e-001 -3.4720000e+001  2.0000000e+001 -4.7000000e+001  2.2000000e+001  7.4000000e-003 -1.6581900e+003
  2.1300000e-001  1.6200000e-001  9.4400000e+008  9.8000000e-001 -3.6390000e+001  2.0000000e+001 -4.3500000e+001  1.5700000e+001  6.8000000e-003 -1.1436000e+003
